0.474502
0.928159
0.135929
0.634053
0.303079
0.816523
0.214759
0.923673
0.584643
0.50383
0.48146
0.379986
0.149113
0.279336
0.922269
0.324107
0.893887
0.289895
0.491165
0.0381176
0.615802
0.0281075
0.504776
0.315989
0.968444
0.945738
0.161534
0.139317
0.54387
0.19187
0.186407
0.478072
0.0797754
0.476333
0.600391
0.216468
0.791589
0.0578631
0.615009
0.203589
0.82934
0.857448
0.651875
0.429395
0.859859
0.696585
0.487259
0.325236
0.773705
0.660512
0.52147
0.189856
0.517167
0.586657
0.17362
0.740074
0.0494095
0.677694
0.400983
0.786584
0.424512
0.239967
0.343516
0.0347301
0.998321
0.5468
0.0935392
0.0102542
0.760582
0.826624
0.590106
0.110202
0.792047
0.376415
0.6386
0.778558
0.846492
0.79989
0.0552995
0.807031
0.0575579
0.370769
0.936949
0.760979
0.77105
0.521226
0.0550249
0.530076
0.501785
0.454848
0.375683
0.00408948
0.0156255
0.885311
0.703909
0.873806
0.536699
0.899319
0.453261
0.556475
0.0791345
